     .0000000D+00    .2700660D+21
     .1000000D-02    .3803490D+21
     .2000000D-02    .5203480D+21
     .3000000D-02    .6915700D+21
     .4000000D-02    .8931220D+21
     .5000000D-02    .1121200D+22
     .6000000D-02    .1368930D+22
     .7000000D-02    .1626580D+22
     .8000000D-02    .1882340D+22
     .9000000D-02    .2123280D+22
     .1000000D-01    .2336680D+22
     .1100000D-01    .2511300D+22
     .1200000D-01    .2638430D+22
     .1300000D-01    .2712660D+22
     .1400000D-01    .2732190D+22
     .1500000D-01    .2698750D+22
     .1600000D-01    .2617060D+22
     .1700000D-01    .2494180D+22
     .1800000D-01    .2338610D+22
     .1900000D-01    .2159480D+22
     .2000000D-01    .1965750D+22
     .2100000D-01    .1765690D+22
     .2200000D-01    .1566420D+22
     .2300000D-01    .1373690D+22
     .2400000D-01    .1191870D+22
     .2500000D-01    .1023930D+22
     .2600000D-01    .8716690D+21
     .2700000D-01    .7358340D+21
     .2800000D-01    .6163850D+21
     .2900000D-01    .5126810D+21
     .3000000D-01    .4236700D+21
     .3100000D-01    .3480470D+21
     .3200000D-01    .2843870D+21
     .3300000D-01    .2312370D+21
     .3400000D-01    .1871900D+21
     .3500000D-01    .1509300D+21
     .3600000D-01    .1212580D+21
     .3700000D-01    .9710680D+20
     .3800000D-01    .7754370D+20
     .3900000D-01    .6176490D+20
     .4000000D-01    .4908720D+20
     .4100000D-01    .3893550D+20
     .4200000D-01    .3083120D+20
     .4300000D-01    .2437840D+20
     .4400000D-01    .1925250D+20
     .4500000D-01    .1518890D+20
     .4600000D-01    .1197310D+20
     .4700000D-01    .9432090D+19
     .4800000D-01    .7426720D+19
     .4900000D-01    .5845780D+19
     .5000000D-01    .4600480D+19
     .5100000D-01    .3620230D+19
     .5200000D-01    .2849010D+19
     .5300000D-01    .2242450D+19
     .5400000D-01    .1765490D+19
     .5500000D-01    .1390480D+19
     .5600000D-01    .1095610D+19
     .5700000D-01    .8637240D+18
     .5800000D-01    .6813190D+18
     .5900000D-01    .5377900D+18
     .6000000D-01    .4248020D+18
     .6100000D-01    .3358120D+18
     .6200000D-01    .2656840D+18
     .6300000D-01    .2103830D+18
     .6400000D-01    .1667440D+18
     .6500000D-01    .1322830D+18
     .6600000D-01    .1050470D+18
     .6700000D-01    .8350330D+17
     .6800000D-01    .6644690D+17
     .6900000D-01    .5293090D+17
     .7000000D-01    .4221000D+17
     .7100000D-01    .3369790D+17
     .7200000D-01    .2693260D+17
     .7300000D-01    .2155010D+17
     .7400000D-01    .1726320D+17
     .7500000D-01    .1384520D+17
     .7600000D-01    .1111700D+17
     .7700000D-01    .8936900D+16
     .7800000D-01    .7192910D+16
     .7900000D-01    .5796170D+16
     .8000000D-01    .4676260D+16
     .8100000D-01    .3777280D+16
     .8200000D-01    .3054790D+16
     .8300000D-01    .2473480D+16
     .8400000D-01    .2005210D+16
     .8500000D-01    .1627550D+16
     .8600000D-01    .1322610D+16
     .8700000D-01    .1076090D+16
     .8800000D-01    .8765760D+15
     .8900000D-01    .7149060D+15
     .9000000D-01    .5837500D+15
     .9100000D-01    .4772220D+15
     .9200000D-01    .3905960D+15
     .9300000D-01    .3200710D+15
     .9400000D-01    .2625880D+15
     .9500000D-01    .2156800D+15
     .9600000D-01    .1773570D+15
     .9700000D-01    .1460120D+15
     .9800000D-01    .1203450D+15
     .9900000D-01    .9930250D+14
     .1000000D+00    .8203240D+14
     .1010000D+00    .6784210D+14
     .1020000D+00    .5616930D+14
     .1030000D+00    .4655650D+14
     .1040000D+00    .3863140D+14
     .1050000D+00    .3209050D+14
     .1060000D+00    .2668600D+14
     .1070000D+00    .2221560D+14
     .1080000D+00    .1851390D+14
     .1090000D+00    .1544540D+14
     .1100000D+00    .1289900D+14
     .1110000D+00    .1078370D+14
     .1120000D+00    .9024620D+13
     .1130000D+00    .7560260D+13
     .1140000D+00    .6339960D+13
     .1150000D+00    .5322010D+13
     .1160000D+00    .4471980D+13
     .1170000D+00    .3761450D+13
     .1180000D+00    .3166930D+13
     .1190000D+00    .2668990D+13
     .1200000D+00    .2251510D+13
     .1210000D+00    .1901160D+13
     .1220000D+00    .1606850D+13
     .1230000D+00    .1359390D+13
     .1240000D+00    .1151110D+13
     .1250000D+00    .9756460D+12
     .1260000D+00    .8276880D+12
     .1270000D+00    .7028060D+12
     .1280000D+00    .5973060D+12
     .1290000D+00    .5080960D+12
     .1300000D+00    .4325930D+12
     .1310000D+00    .3686330D+12
     .1320000D+00    .3144030D+12
     .1330000D+00    .2683820D+12
     .1340000D+00    .2292930D+12
     .1350000D+00    .1960640D+12
     .1360000D+00    .1677900D+12
     .1370000D+00    .1437140D+12
     .1380000D+00    .1231930D+12
     .1390000D+00    .1056890D+12
     .1400000D+00    .9074520D+11
     .1410000D+00    .7797690D+11
     .1420000D+00    .6705840D+11
     .1430000D+00    .5771420D+11
     .1440000D+00    .4971080D+11
     .1450000D+00    .4285040D+11
     .1460000D+00    .3696500D+11
     .1470000D+00    .3191220D+11
     .1480000D+00    .2757090D+11
     .1490000D+00    .2383780D+11
     .1500000D+00    .2062550D+11
     .1510000D+00    .1785910D+11
     .1520000D+00    .1547500D+11
     .1530000D+00    .1341880D+11
     .1540000D+00    .1164410D+11
     .1550000D+00    .1011130D+11
     .1560000D+00    .8786380D+10
     .1570000D+00    .7640380D+10
     .1580000D+00    .6648420D+10
     .1590000D+00    .5789190D+10
     .1600000D+00    .5044420D+10
     .1610000D+00    .4398410D+10
     .1620000D+00    .3837670D+10
     .1630000D+00    .3350630D+10
     .1640000D+00    .2927300D+10
     .1650000D+00    .2559120D+10
     .1660000D+00    .2238670D+10
     .1670000D+00    .1959600D+10
     .1680000D+00    .1716400D+10
     .1690000D+00    .1504320D+10
     .1700000D+00    .1319260D+10
     .1710000D+00    .1157670D+10
     .1720000D+00    .1016500D+10
     .1730000D+00    .8930810D+09
     .1740000D+00    .7851160D+09
     .1750000D+00    .6906120D+09
     .1760000D+00    .6078410D+09
     .1770000D+00    .5353020D+09
     .1780000D+00    .4716930D+09
     .1790000D+00    .4158800D+09
     .1800000D+00    .3668800D+09
     .1810000D+00    .3238360D+09
     .1820000D+00    .2860020D+09
     .1830000D+00    .2527280D+09
     .1840000D+00    .2234480D+09
     .1850000D+00    .1976680D+09
     .1860000D+00    .1749570D+09
     .1870000D+00    .1549380D+09
     .1880000D+00    .1372830D+09
     .1890000D+00    .1217040D+09
     .1900000D+00    .1079490D+09
     .1910000D+00    .9579870D+08
     .1920000D+00    .8505960D+08
     .1930000D+00    .7556290D+08
     .1940000D+00    .6716050D+08
     .1950000D+00    .5972240D+08
     .1960000D+00    .5313460D+08
     .1970000D+00    .4729680D+08
     .1980000D+00    .4212110D+08
     .1990000D+00    .3753000D+08
     .2000000D+00    .3345540D+08
     .2010000D+00    .2983750D+08
     .2020000D+00    .2662350D+08
     .2030000D+00    .2376690D+08
     .2040000D+00    .2122680D+08
     .2050000D+00    .1896690D+08
     .2060000D+00    .1695540D+08
     .2070000D+00    .1516420D+08
     .2080000D+00    .1356830D+08
     .2090000D+00    .1214580D+08
     .2100000D+00    .1087740D+08
     .2110000D+00    .9745700D+07
     .2120000D+00    .8735600D+07
     .2130000D+00    .7833610D+07
     .2140000D+00    .7027790D+07
     .2150000D+00    .6307580D+07
     .2160000D+00    .5663580D+07
     .2170000D+00    .5087490D+07
     .2180000D+00    .4571920D+07
     .2190000D+00    .4110310D+07
     .2200000D+00    .3696840D+07
     .2210000D+00    .3326320D+07
     .2220000D+00    .2994160D+07
     .2230000D+00    .2696260D+07
     .2240000D+00    .2428980D+07
     .2250000D+00    .2189060D+07
     .2260000D+00    .1973620D+07
     .2270000D+00    .1780090D+07
     .2280000D+00    .1606150D+07
     .2290000D+00    .1449780D+07
     .2300000D+00    .1309130D+07
     .2310000D+00    .1182580D+07
     .2320000D+00    .1068670D+07
     .2330000D+00    .9660880D+06
     .2340000D+00    .8736830D+06
     .2350000D+00    .7904100D+06
     .2360000D+00    .7153370D+06
     .2370000D+00    .6476310D+06
     .2380000D+00    .5865460D+06
     .2390000D+00    .5314140D+06
     .2400000D+00    .4816370D+06
     .2410000D+00    .4366770D+06
     .2420000D+00    .3960550D+06
     .2430000D+00    .3593370D+06
     .2440000D+00    .3261360D+06
     .2450000D+00    .2961060D+06
     .2460000D+00    .2689330D+06
     .2470000D+00    .2443370D+06
     .2480000D+00    .2220650D+06
     .2490000D+00    .2018920D+06
     .2500000D+00    .1836120D+06
     .2510000D+00    .1670430D+06
     .2520000D+00    .1520200D+06
     .2530000D+00    .1383920D+06
     .2540000D+00    .1260280D+06
     .2550000D+00    .1148050D+06
     .2560000D+00    .1046150D+06
     .2570000D+00    .9535950D+05
     .2580000D+00    .8695070D+05
     .2590000D+00    .7930830D+05
     .2600000D+00    .7236020D+05
     .2610000D+00    .6604130D+05
     .2620000D+00    .6029280D+05
     .2630000D+00    .5506150D+05
     .2640000D+00    .5029940D+05
     .2650000D+00    .4596310D+05
     .2660000D+00    .4201320D+05
     .2670000D+00    .3841420D+05
     .2680000D+00    .3513390D+05
     .2690000D+00    .3214320D+05
     .2700000D+00    .2941570D+05
     .2710000D+00    .2692750D+05
     .2720000D+00    .2465680D+05
     .2730000D+00    .2258410D+05
     .2740000D+00    .2069160D+05
     .2750000D+00    .1896300D+05
     .2760000D+00    .1738370D+05
     .2770000D+00    .1594040D+05
     .2780000D+00    .1462100D+05
     .2790000D+00    .1341450D+05
     .2800000D+00    .1231100D+05
     .2810000D+00    .1130130D+05
     .2820000D+00    .1037720D+05
     .2830000D+00    .9531290D+04
     .2840000D+00    .8756660D+04
     .2850000D+00    .8047130D+04
     .2860000D+00    .7397050D+04
     .2870000D+00    .6801280D+04
     .2880000D+00    .6255120D+04
     .2890000D+00    .5754320D+04
     .2900000D+00    .5294980D+04
     .2910000D+00    .4873560D+04
     .2920000D+00    .4486820D+04
     .2930000D+00    .4131820D+04
     .2940000D+00    .3805870D+04
     .2950000D+00    .3506510D+04
     .2960000D+00    .3231500D+04
     .2970000D+00    .2978800D+04
     .2980000D+00    .2746530D+04
     .2990000D+00    .2533000D+04
     .3000000D+00    .2336630D+04
     .3010000D+00    .2156010D+04
     .3020000D+00    .1989830D+04
     .3030000D+00    .1836900D+04
     .3040000D+00    .1696120D+04
     .3050000D+00    .1566500D+04
     .3060000D+00    .1447130D+04
     .3070000D+00    .1337170D+04
     .3080000D+00    .1235850D+04
     .3090000D+00    .1142470D+04
     .3100000D+00    .1056390D+04
     .3110000D+00    .9770150D+03
     .3120000D+00    .9038110D+03
     .3130000D+00    .8362810D+03
     .3140000D+00    .7739700D+03
     .3150000D+00    .7164610D+03
     .3160000D+00    .6633730D+03
     .3170000D+00    .6143540D+03
     .3180000D+00    .5690820D+03
     .3190000D+00    .5272610D+03
     .3200000D+00    .4886190D+03
     .3210000D+00    .4529070D+03
     .3220000D+00    .4198950D+03
     .3230000D+00    .3893730D+03
     .3240000D+00    .3611450D+03
     .3250000D+00    .3350350D+03
     .3260000D+00    .3108770D+03
     .3270000D+00    .2885220D+03
     .3280000D+00    .2678300D+03
     .3290000D+00    .2486730D+03
     .3300000D+00    .2309330D+03
     .3310000D+00    .2145030D+03
     .3320000D+00    .1992830D+03
     .3330000D+00    .1851790D+03
     .3340000D+00    .1721090D+03
     .3350000D+00    .1599930D+03
     .3360000D+00    .1487590D+03
     .3370000D+00    .1383410D+03
     .3380000D+00    .1286790D+03
     .3390000D+00    .1197140D+03
     .3400000D+00    .1113960D+03
     .3410000D+00    .1036760D+03
     .3420000D+00    .9650930D+02
     .3430000D+00    .8985530D+02
     .3440000D+00    .8367600D+02
     .3450000D+00    .7793640D+02
     .3460000D+00    .7260420D+02
     .3470000D+00    .6764940D+02
     .3480000D+00    .6304460D+02
     .3490000D+00    .5876410D+02
     .3500000D+00    .5478430D+02
     .3510000D+00    .5108350D+02
     .3520000D+00    .4764130D+02
     .3530000D+00    .4443920D+02
     .3540000D+00    .4145970D+02
     .3550000D+00    .3868700D+02
     .3560000D+00    .3610620D+02
     .3570000D+00    .3370360D+02
     .3580000D+00    .3146640D+02
     .3590000D+00    .2938280D+02
     .3600000D+00    .2744210D+02
     .3610000D+00    .2563400D+02
     .3620000D+00    .2394920D+02
     .3630000D+00    .2237900D+02
     .3640000D+00    .2091530D+02
     .3650000D+00    .1955070D+02
     .3660000D+00    .1827830D+02
     .3670000D+00    .1709150D+02
     .3680000D+00    .1598450D+02
     .3690000D+00    .1495170D+02
     .3700000D+00    .1398800D+02
     .3710000D+00    .1308850D+02
     .3720000D+00    .1224900D+02
     .3730000D+00    .1146510D+02
     .3740000D+00    .1073320D+02
     .3750000D+00    .1004960D+02
     .3760000D+00    .9411100D+01
     .3770000D+00    .8814580D+01
     .3780000D+00    .8257200D+01
     .3790000D+00    .7736290D+01
     .3800000D+00    .7249400D+01
     .3810000D+00    .6794220D+01
     .3820000D+00    .6368620D+01
     .3830000D+00    .5970620D+01
     .3840000D+00    .5598370D+01
     .3850000D+00    .5250130D+01
     .3860000D+00    .4924320D+01
     .3870000D+00    .4619440D+01
     .3880000D+00    .4334090D+01
     .3890000D+00    .4066990D+01
     .3900000D+00    .3816930D+01
     .3910000D+00    .3582790D+01
     .3920000D+00    .3363510D+01
     .3930000D+00    .3158120D+01
     .3940000D+00    .2965720D+01
     .3950000D+00    .2785450D+01
     .3960000D+00    .2616520D+01
     .3970000D+00    .2458200D+01
     .3980000D+00    .2309790D+01
     .3990000D+00    .2170660D+01
     .4000000D+00    .2040210D+01
     .4010000D+00    .1917870D+01
     .4020000D+00    .1803120D+01
     .4030000D+00    .1695480D+01
     .4040000D+00    .1594500D+01
     .4050000D+00    .1499740D+01
     .4060000D+00    .1410810D+01
     .4070000D+00    .1327330D+01
     .4080000D+00    .1248980D+01
     .4090000D+00    .1175410D+01
     .4100000D+00    .1106320D+01
     .4110000D+00    .1041440D+01
     .4120000D+00    .9805040D+00
     .4130000D+00    .9232550D+00
     .4140000D+00    .8694660D+00
     .4150000D+00    .8189220D+00
     .4160000D+00    .7714200D+00
     .4170000D+00    .7267700D+00
     .4180000D+00    .6847960D+00
     .4190000D+00    .6453310D+00
     .4200000D+00    .6082220D+00
     .4210000D+00    .5733210D+00
     .4220000D+00    .5404940D+00
     .4230000D+00    .5096130D+00
     .4240000D+00    .4805590D+00
     .4250000D+00    .4532200D+00
     .4260000D+00    .4274910D+00
     .4270000D+00    .4032740D+00
     .4280000D+00    .3804780D+00
     .4290000D+00    .3590160D+00
     .4300000D+00    .3388070D+00
     .4310000D+00    .3197760D+00
     .4320000D+00    .3018520D+00
     .4330000D+00    .2849680D+00
     .4340000D+00    .2690620D+00
     .4350000D+00    .2540760D+00
     .4360000D+00    .2399530D+00
     .4370000D+00    .2266430D+00
     .4380000D+00    .2140980D+00
     .4390000D+00    .2022720D+00
     .4400000D+00    .1911220D+00
     .4410000D+00    .1806090D+00
     .4420000D+00    .1706940D+00
     .4430000D+00    .1613430D+00
     .4440000D+00    .1525220D+00
     .4450000D+00    .1442010D+00
     .4460000D+00    .1363500D+00
     .4470000D+00    .1289410D+00
     .4480000D+00    .1219490D+00
     .4490000D+00    .1153500D+00
     .4500000D+00    .1091210D+00
     .4510000D+00    .1032400D+00
     .4520000D+00    .9768700D-01
     .4530000D+00    .9244350D-01
     .4540000D+00    .8749140D-01
     .4550000D+00    .8281400D-01
     .4560000D+00    .7839550D-01
     .4570000D+00    .7422120D-01
     .4580000D+00    .7027700D-01
     .4590000D+00    .6654990D-01
     .4600000D+00    .6302740D-01
     .4610000D+00    .5969810D-01
     .4620000D+00    .5655080D-01
     .4630000D+00    .5357540D-01
     .4640000D+00    .5076210D-01
     .4650000D+00    .4810180D-01
     .4660000D+00    .4558580D-01
     .4670000D+00    .4320620D-01
     .4680000D+00    .4095510D-01
     .4690000D+00    .3882560D-01
     .4700000D+00    .3681070D-01
     .4710000D+00    .3490410D-01
     .4720000D+00    .3309970D-01
     .4730000D+00    .3139200D-01
     .4740000D+00    .2977550D-01
     .4750000D+00    .2824520D-01
     .4760000D+00    .2679640D-01
     .4770000D+00    .2542450D-01
     .4780000D+00    .2412530D-01
     .4790000D+00    .2289500D-01
     .4800000D+00    .2172960D-01
     .4810000D+00    .2062560D-01
     .4820000D+00    .1957970D-01
     .4830000D+00    .1858880D-01
     .4840000D+00    .1764970D-01
     .4850000D+00    .1675990D-01
     .4860000D+00    .1591640D-01
     .4870000D+00    .1511700D-01
     .4880000D+00    .1435910D-01
     .4890000D+00    .1364060D-01
     .4900000D+00    .1295930D-01
     .4910000D+00    .1231330D-01
     .4920000D+00    .1170060D-01
     .4930000D+00    .1111950D-01
     .4940000D+00    .1056820D-01
     .4950000D+00    .1004530D-01
     .4960000D+00    .9549200D-02
     .4970000D+00    .9078460D-02
     .4980000D+00    .8631750D-02
     .4990000D+00    .8207810D-02
     .5000000D+00    .7805440D-02
