0.000e+000	2.70066e+020
1.000e-003	3.80349e+020
2.000e-003	5.20348e+020
3.000e-003	6.91570e+020
4.000e-003	8.93122e+020
5.000e-003	1.12120e+021
6.000e-003	1.36893e+021
7.000e-003	1.62658e+021
8.000e-003	1.88234e+021
9.000e-003	2.12328e+021
1.000e-002	2.33668e+021
1.100e-002	2.51130e+021
1.200e-002	2.63843e+021
1.300e-002	2.71266e+021
1.400e-002	2.73219e+021
1.500e-002	2.69875e+021
1.600e-002	2.61706e+021
1.700e-002	2.49418e+021
1.800e-002	2.33861e+021
1.900e-002	2.15948e+021
2.000e-002	1.96575e+021
2.100e-002	1.76569e+021
2.200e-002	1.56642e+021
2.300e-002	1.37369e+021
2.400e-002	1.19187e+021
2.500e-002	1.02393e+021
2.600e-002	8.71669e+020
2.700e-002	7.35834e+020
2.800e-002	6.16385e+020
2.900e-002	5.12681e+020
3.000e-002	4.23670e+020
3.100e-002	3.48047e+020
3.200e-002	2.84387e+020
3.300e-002	2.31237e+020
3.400e-002	1.87190e+020
3.500e-002	1.50930e+020
3.600e-002	1.21258e+020
3.700e-002	9.71068e+019
3.800e-002	7.75437e+019
3.900e-002	6.17649e+019
4.000e-002	4.90872e+019
4.100e-002	3.89355e+019
4.200e-002	3.08312e+019
4.300e-002	2.43784e+019
4.400e-002	1.92525e+019
4.500e-002	1.51889e+019
4.600e-002	1.19731e+019
4.700e-002	9.43209e+018
4.800e-002	7.42672e+018
4.900e-002	5.84578e+018
5.000e-002	4.60048e+018
5.100e-002	3.62023e+018
5.200e-002	2.84901e+018
5.300e-002	2.24245e+018
5.400e-002	1.76549e+018
5.500e-002	1.39048e+018
5.600e-002	1.09561e+018
5.700e-002	8.63724e+017
5.800e-002	6.81319e+017
5.900e-002	5.37790e+017
6.000e-002	4.24802e+017
6.100e-002	3.35812e+017
6.200e-002	2.65684e+017
6.300e-002	2.10383e+017
6.400e-002	1.66744e+017
6.500e-002	1.32283e+017
6.600e-002	1.05047e+017
6.700e-002	8.35033e+016
6.800e-002	6.64469e+016
6.900e-002	5.29309e+016
7.000e-002	4.22100e+016
7.100e-002	3.36979e+016
7.200e-002	2.69326e+016
7.300e-002	2.15501e+016
7.400e-002	1.72632e+016
7.500e-002	1.38452e+016
7.600e-002	1.11170e+016
7.700e-002	8.93690e+015
7.800e-002	7.19291e+015
7.900e-002	5.79617e+015
8.000e-002	4.67626e+015
8.100e-002	3.77728e+015
8.200e-002	3.05479e+015
8.300e-002	2.47348e+015
8.400e-002	2.00521e+015
8.500e-002	1.62755e+015
8.600e-002	1.32261e+015
8.700e-002	1.07609e+015
8.800e-002	8.76576e+014
8.900e-002	7.14906e+014
9.000e-002	5.83750e+014
9.100e-002	4.77222e+014
9.200e-002	3.90596e+014
9.300e-002	3.20071e+014
9.400e-002	2.62588e+014
9.500e-002	2.15680e+014
9.600e-002	1.77357e+014
9.700e-002	1.46012e+014
9.800e-002	1.20345e+014
9.900e-002	9.93025e+013
1.000e-001	8.20324e+013
1.010e-001	6.78421e+013
1.020e-001	5.61693e+013
1.030e-001	4.65565e+013
1.040e-001	3.86314e+013
1.050e-001	3.20905e+013
1.060e-001	2.66860e+013
1.070e-001	2.22156e+013
1.080e-001	1.85139e+013
1.090e-001	1.54454e+013
1.100e-001	1.28990e+013
1.110e-001	1.07837e+013
1.120e-001	9.02462e+012
1.130e-001	7.56026e+012
1.140e-001	6.33996e+012
1.150e-001	5.32201e+012
1.160e-001	4.47198e+012
1.170e-001	3.76145e+012
1.180e-001	3.16693e+012
1.190e-001	2.66899e+012
1.200e-001	2.25151e+012
1.210e-001	1.90116e+012
1.220e-001	1.60685e+012
1.230e-001	1.35939e+012
1.240e-001	1.15111e+012
1.250e-001	9.75646e+011
1.260e-001	8.27688e+011
1.270e-001	7.02806e+011
1.280e-001	5.97306e+011
1.290e-001	5.08096e+011
1.300e-001	4.32593e+011
1.310e-001	3.68633e+011
1.320e-001	3.14403e+011
1.330e-001	2.68382e+011
1.340e-001	2.29293e+011
1.350e-001	1.96064e+011
1.360e-001	1.67790e+011
1.370e-001	1.43714e+011
1.380e-001	1.23193e+011
1.390e-001	1.05689e+011
1.400e-001	9.07452e+010
1.410e-001	7.79769e+010
1.420e-001	6.70584e+010
1.430e-001	5.77142e+010
1.440e-001	4.97108e+010
1.450e-001	4.28504e+010
1.460e-001	3.69650e+010
1.470e-001	3.19122e+010
1.480e-001	2.75709e+010
1.490e-001	2.38378e+010
1.500e-001	2.06255e+010
1.510e-001	1.78591e+010
1.520e-001	1.54750e+010
1.530e-001	1.34188e+010
1.540e-001	1.16441e+010
1.550e-001	1.01113e+010
1.560e-001	8.78638e+009
1.570e-001	7.64038e+009
1.580e-001	6.64842e+009
1.590e-001	5.78919e+009
1.600e-001	5.04442e+009
1.610e-001	4.39841e+009
1.620e-001	3.83767e+009
1.630e-001	3.35063e+009
1.640e-001	2.92730e+009
1.650e-001	2.55912e+009
1.660e-001	2.23867e+009
1.670e-001	1.95960e+009
1.680e-001	1.71640e+009
1.690e-001	1.50432e+009
1.700e-001	1.31926e+009
1.710e-001	1.15767e+009
1.720e-001	1.01650e+009
1.730e-001	8.93081e+008
1.740e-001	7.85116e+008
1.750e-001	6.90612e+008
1.760e-001	6.07841e+008
1.770e-001	5.35302e+008
1.780e-001	4.71693e+008
1.790e-001	4.15880e+008
1.800e-001	3.66880e+008
1.810e-001	3.23836e+008
1.820e-001	2.86002e+008
1.830e-001	2.52728e+008
1.840e-001	2.23448e+008
1.850e-001	1.97668e+008
1.860e-001	1.74957e+008
1.870e-001	1.54938e+008
1.880e-001	1.37283e+008
1.890e-001	1.21704e+008
1.900e-001	1.07949e+008
1.910e-001	9.57987e+007
1.920e-001	8.50596e+007
1.930e-001	7.55629e+007
1.940e-001	6.71605e+007
1.950e-001	5.97224e+007
1.960e-001	5.31346e+007
1.970e-001	4.72968e+007
1.980e-001	4.21211e+007
1.990e-001	3.75300e+007
2.000e-001	3.34554e+007
2.010e-001	2.98375e+007
2.020e-001	2.66235e+007
2.030e-001	2.37669e+007
2.040e-001	2.12268e+007
2.050e-001	1.89669e+007
2.060e-001	1.69554e+007
2.070e-001	1.51642e+007
2.080e-001	1.35683e+007
2.090e-001	1.21458e+007
2.100e-001	1.08774e+007
2.110e-001	9.74570e+006
2.120e-001	8.73560e+006
2.130e-001	7.83361e+006
2.140e-001	7.02779e+006
2.150e-001	6.30758e+006
2.160e-001	5.66358e+006
2.170e-001	5.08749e+006
2.180e-001	4.57192e+006
2.190e-001	4.11031e+006
2.200e-001	3.69684e+006
2.210e-001	3.32632e+006
2.220e-001	2.99416e+006
2.230e-001	2.69626e+006
2.240e-001	2.42898e+006
2.250e-001	2.18906e+006
2.260e-001	1.97362e+006
2.270e-001	1.78009e+006
2.280e-001	1.60615e+006
2.290e-001	1.44978e+006
2.300e-001	1.30913e+006
2.310e-001	1.18258e+006
2.320e-001	1.06867e+006
2.330e-001	9.66088e+005
2.340e-001	8.73683e+005
2.350e-001	7.90410e+005
2.360e-001	7.15337e+005
2.370e-001	6.47631e+005
2.380e-001	5.86546e+005
2.390e-001	5.31414e+005
2.400e-001	4.81637e+005
2.410e-001	4.36677e+005
2.420e-001	3.96055e+005
2.430e-001	3.59337e+005
2.440e-001	3.26136e+005
2.450e-001	2.96106e+005
2.460e-001	2.68933e+005
2.470e-001	2.44337e+005
2.480e-001	2.22065e+005
2.490e-001	2.01892e+005
2.500e-001	1.83612e+005
2.510e-001	1.67043e+005
2.520e-001	1.52020e+005
2.530e-001	1.38392e+005
2.540e-001	1.26028e+005
2.550e-001	1.14805e+005
2.560e-001	1.04615e+005
2.570e-001	9.53595e+004
2.580e-001	8.69507e+004
2.590e-001	7.93083e+004
2.600e-001	7.23602e+004
2.610e-001	6.60413e+004
2.620e-001	6.02928e+004
2.630e-001	5.50615e+004
2.640e-001	5.02994e+004
2.650e-001	4.59631e+004
2.660e-001	4.20132e+004
2.670e-001	3.84142e+004
2.680e-001	3.51339e+004
2.690e-001	3.21432e+004
2.700e-001	2.94157e+004
2.710e-001	2.69275e+004
2.720e-001	2.46568e+004
2.730e-001	2.25841e+004
2.740e-001	2.06916e+004
2.750e-001	1.89630e+004
2.760e-001	1.73837e+004
2.770e-001	1.59404e+004
2.780e-001	1.46210e+004
2.790e-001	1.34145e+004
2.800e-001	1.23110e+004
2.810e-001	1.13013e+004
2.820e-001	1.03772e+004
2.830e-001	9.53129e+003
2.840e-001	8.75666e+003
2.850e-001	8.04713e+003
2.860e-001	7.39705e+003
2.870e-001	6.80128e+003
2.880e-001	6.25512e+003
2.890e-001	5.75432e+003
2.900e-001	5.29498e+003
2.910e-001	4.87356e+003
2.920e-001	4.48682e+003
2.930e-001	4.13182e+003
2.940e-001	3.80587e+003
2.950e-001	3.50651e+003
2.960e-001	3.23150e+003
2.970e-001	2.97880e+003
2.980e-001	2.74653e+003
2.990e-001	2.53300e+003
3.000e-001	2.33663e+003
3.010e-001	2.15601e+003
3.020e-001	1.98983e+003
3.030e-001	1.83690e+003
3.040e-001	1.69612e+003
3.050e-001	1.56650e+003
3.060e-001	1.44713e+003
3.070e-001	1.33717e+003
3.080e-001	1.23585e+003
3.090e-001	1.14247e+003
3.100e-001	1.05639e+003
3.110e-001	9.77015e+002
3.120e-001	9.03811e+002
3.130e-001	8.36281e+002
3.140e-001	7.73970e+002
3.150e-001	7.16461e+002
3.160e-001	6.63373e+002
3.170e-001	6.14354e+002
3.180e-001	5.69082e+002
3.190e-001	5.27261e+002
3.200e-001	4.88619e+002
3.210e-001	4.52907e+002
3.220e-001	4.19895e+002
3.230e-001	3.89373e+002
3.240e-001	3.61145e+002
3.250e-001	3.35035e+002
3.260e-001	3.10877e+002
3.270e-001	2.88522e+002
3.280e-001	2.67830e+002
3.290e-001	2.48673e+002
3.300e-001	2.30933e+002
3.310e-001	2.14503e+002
3.320e-001	1.99283e+002
3.330e-001	1.85179e+002
3.340e-001	1.72109e+002
3.350e-001	1.59993e+002
3.360e-001	1.48759e+002
3.370e-001	1.38341e+002
3.380e-001	1.28679e+002
3.390e-001	1.19714e+002
3.400e-001	1.11396e+002
3.410e-001	1.03676e+002
3.420e-001	9.65093e+001
3.430e-001	8.98553e+001
3.440e-001	8.36760e+001
3.450e-001	7.79364e+001
3.460e-001	7.26042e+001
3.470e-001	6.76494e+001
3.480e-001	6.30446e+001
3.490e-001	5.87641e+001
3.500e-001	5.47843e+001
3.510e-001	5.10835e+001
3.520e-001	4.76413e+001
3.530e-001	4.44392e+001
3.540e-001	4.14597e+001
3.550e-001	3.86870e+001
3.560e-001	3.61062e+001
3.570e-001	3.37036e+001
3.580e-001	3.14664e+001
3.590e-001	2.93828e+001
3.600e-001	2.74421e+001
3.610e-001	2.56340e+001
3.620e-001	2.39492e+001
3.630e-001	2.23790e+001
3.640e-001	2.09153e+001
3.650e-001	1.95507e+001
3.660e-001	1.82783e+001
3.670e-001	1.70915e+001
3.680e-001	1.59845e+001
3.690e-001	1.49517e+001
3.700e-001	1.39880e+001
3.710e-001	1.30885e+001
3.720e-001	1.22490e+001
3.730e-001	1.14651e+001
3.740e-001	1.07332e+001
3.750e-001	1.00496e+001
3.760e-001	9.41110e+000
3.770e-001	8.81458e+000
3.780e-001	8.25720e+000
3.790e-001	7.73629e+000
3.800e-001	7.24940e+000
3.810e-001	6.79422e+000
3.820e-001	6.36862e+000
3.830e-001	5.97062e+000
3.840e-001	5.59837e+000
3.850e-001	5.25013e+000
3.860e-001	4.92432e+000
3.870e-001	4.61944e+000
3.880e-001	4.33409e+000
3.890e-001	4.06699e+000
3.900e-001	3.81693e+000
3.910e-001	3.58279e+000
3.920e-001	3.36351e+000
3.930e-001	3.15812e+000
3.940e-001	2.96572e+000
3.950e-001	2.78545e+000
3.960e-001	2.61652e+000
3.970e-001	2.45820e+000
3.980e-001	2.30979e+000
3.990e-001	2.17066e+000
4.000e-001	2.04021e+000
4.010e-001	1.91787e+000
4.020e-001	1.80312e+000
4.030e-001	1.69548e+000
4.040e-001	1.59450e+000
4.050e-001	1.49974e+000
4.060e-001	1.41081e+000
4.070e-001	1.32733e+000
4.080e-001	1.24898e+000
4.090e-001	1.17541e+000
4.100e-001	1.10632e+000
4.110e-001	1.04144e+000
4.120e-001	9.80504e-001
4.130e-001	9.23255e-001
4.140e-001	8.69466e-001
4.150e-001	8.18922e-001
4.160e-001	7.71420e-001
4.170e-001	7.26770e-001
4.180e-001	6.84796e-001
4.190e-001	6.45331e-001
4.200e-001	6.08222e-001
4.210e-001	5.73321e-001
4.220e-001	5.40494e-001
4.230e-001	5.09613e-001
4.240e-001	4.80559e-001
4.250e-001	4.53220e-001
4.260e-001	4.27491e-001
4.270e-001	4.03274e-001
4.280e-001	3.80478e-001
4.290e-001	3.59016e-001
4.300e-001	3.38807e-001
4.310e-001	3.19776e-001
4.320e-001	3.01852e-001
4.330e-001	2.84968e-001
4.340e-001	2.69062e-001
4.350e-001	2.54076e-001
4.360e-001	2.39953e-001
4.370e-001	2.26643e-001
4.380e-001	2.14098e-001
4.390e-001	2.02272e-001
4.400e-001	1.91122e-001
4.410e-001	1.80609e-001
4.420e-001	1.70694e-001
4.430e-001	1.61343e-001
4.440e-001	1.52522e-001
4.450e-001	1.44201e-001
4.460e-001	1.36350e-001
4.470e-001	1.28941e-001
4.480e-001	1.21949e-001
4.490e-001	1.15350e-001
4.500e-001	1.09121e-001
4.510e-001	1.03240e-001
4.520e-001	9.76870e-002
4.530e-001	9.24435e-002
4.540e-001	8.74914e-002
4.550e-001	8.28140e-002
4.560e-001	7.83955e-002
4.570e-001	7.42212e-002
4.580e-001	7.02770e-002
4.590e-001	6.65499e-002
4.600e-001	6.30274e-002
4.610e-001	5.96981e-002
4.620e-001	5.65508e-002
4.630e-001	5.35754e-002
4.640e-001	5.07621e-002
4.650e-001	4.81018e-002
4.660e-001	4.55858e-002
4.670e-001	4.32062e-002
4.680e-001	4.09551e-002
4.690e-001	3.88256e-002
4.700e-001	3.68107e-002
4.710e-001	3.49041e-002
4.720e-001	3.30997e-002
4.730e-001	3.13920e-002
4.740e-001	2.97755e-002
4.750e-001	2.82452e-002
4.760e-001	2.67964e-002
4.770e-001	2.54245e-002
4.780e-001	2.41253e-002
4.790e-001	2.28950e-002
4.800e-001	2.17296e-002
4.810e-001	2.06256e-002
4.820e-001	1.95797e-002
4.830e-001	1.85888e-002
4.840e-001	1.76497e-002
4.850e-001	1.67599e-002
4.860e-001	1.59164e-002
4.870e-001	1.51170e-002
4.880e-001	1.43591e-002
4.890e-001	1.36406e-002
4.900e-001	1.29593e-002
4.910e-001	1.23133e-002
4.920e-001	1.17006e-002
4.930e-001	1.11195e-002
4.940e-001	1.05682e-002
4.950e-001	1.00453e-002
4.960e-001	9.54920e-003
4.970e-001	9.07846e-003
4.980e-001	8.63175e-003
4.990e-001	8.20781e-003
5.000e-001	7.80544e-003 