     .0000000D+00   -.1000000D-02
     .1000000D-02   -.4597970D-03
     .2000000D-02    .8052798D-04
     .3000000D-02    .6210563D-03
     .4000000D-02    .1161923D-02
     .5000000D-02    .1703355D-02
     .6000000D-02    .2245729D-02
     .7000000D-02    .2789671D-02
     .8000000D-02    .3336228D-02
     .9000000D-02    .3887144D-02
     .1000000D-01    .4445323D-02
     .1100000D-01    .5015608D-02
     .1200000D-01    .5606069D-02
     .1300000D-01    .6230159D-02
     .1400000D-01    .6910295D-02
     .1500000D-01    .7683843D-02
     .1600000D-01    .8613075D-02
     .1700000D-01    .9801782D-02
     .1800000D-01    .1142295D-01
     .1900000D-01    .1376488D-01
     .2000000D-01    .1730808D-01
     .2100000D-01    .2283650D-01
     .2200000D-01    .3159812D-01
     .2300000D-01    .4556017D-01
     .2400000D-01    .6778136D-01
     .2500000D-01    .1029161D+00
     .2600000D-01    .1578765D+00
     .2700000D-01    .2426540D+00
     .2800000D-01    .3712665D+00
     .2900000D-01    .5627525D+00
     .3000000D-01    .8420706D+00
     .3100000D-01    .1240705D+01
     .3200000D-01    .1796740D+01
     .3300000D-01    .2554148D+01
     .3400000D-01    .3561124D+01
     .3500000D-01    .4867359D+01
     .3600000D-01    .6520390D+01
     .3700000D-01    .8561287D+01
     .3800000D-01    .1102018D+02
     .3900000D-01    .1391219D+02
     .4000000D-01    .1723437D+02
     .4100000D-01    .2096414D+02
     .4200000D-01    .2505950D+02
     .4300000D-01    .2946100D+02
     .4400000D-01    .3409538D+02
     .4500000D-01    .3888012D+02
     .4600000D-01    .4372873D+02
     .4700000D-01    .4855586D+02
     .4800000D-01    .5328188D+02
     .4900000D-01    .5783653D+02
     .5000000D-01    .6216148D+02
     .5100000D-01    .6621163D+02
     .5200000D-01    .6995538D+02
     .5300000D-01    .7337404D+02
     .5400000D-01    .7646049D+02
     .5500000D-01    .7921749D+02
     .5600000D-01    .8165580D+02
     .5700000D-01    .8379221D+02
     .5800000D-01    .8564774D+02
     .5900000D-01    .8724607D+02
     .6000000D-01    .8861213D+02
     .6100000D-01    .8977103D+02
     .6200000D-01    .9074725D+02
     .6300000D-01    .9156399D+02
     .6400000D-01    .9224280D+02
     .6500000D-01    .9280334D+02
     .6600000D-01    .9326327D+02
     .6700000D-01    .9363823D+02
     .6800000D-01    .9394195D+02
     .6900000D-01    .9418632D+02
     .7000000D-01    .9438155D+02
     .7100000D-01    .9453636D+02
     .7200000D-01    .9465809D+02
     .7300000D-01    .9475290D+02
     .7400000D-01    .9482594D+02
     .7500000D-01    .9488145D+02
     .7600000D-01    .9492292D+02
     .7700000D-01    .9495321D+02
     .7800000D-01    .9497463D+02
     .7900000D-01    .9498906D+02
     .8000000D-01    .9499800D+02
     .8100000D-01    .9500265D+02
     .8200000D-01    .9500397D+02
     .8300000D-01    .9500271D+02
     .8400000D-01    .9499946D+02
     .8500000D-01    .9499469D+02
     .8600000D-01    .9498876D+02
     .8700000D-01    .9498195D+02
     .8800000D-01    .9497448D+02
     .8900000D-01    .9496650D+02
     .9000000D-01    .9495815D+02
     .9100000D-01    .9494952D+02
     .9200000D-01    .9494069D+02
     .9300000D-01    .9493170D+02
     .9400000D-01    .9492260D+02
     .9500000D-01    .9491342D+02
     .9600000D-01    .9490418D+02
     .9700000D-01    .9489490D+02
     .9800000D-01    .9488559D+02
     .9900000D-01    .9487625D+02
     .1000000D+00    .9486690D+02
     .1010000D+00    .9485754D+02
     .1020000D+00    .9484818D+02
     .1030000D+00    .9483881D+02
     .1040000D+00    .9482943D+02
     .1050000D+00    .9482006D+02
     .1060000D+00    .9481068D+02
     .1070000D+00    .9480130D+02
     .1080000D+00    .9479192D+02
     .1090000D+00    .9478255D+02
     .1100000D+00    .9477317D+02
     .1110000D+00    .9476379D+02
     .1120000D+00    .9475442D+02
     .1130000D+00    .9474504D+02
     .1140000D+00    .9473567D+02
     .1150000D+00    .9472630D+02
     .1160000D+00    .9471692D+02
     .1170000D+00    .9470755D+02
     .1180000D+00    .9469818D+02
     .1190000D+00    .9468881D+02
     .1200000D+00    .9467944D+02
     .1210000D+00    .9467008D+02
     .1220000D+00    .9466071D+02
     .1230000D+00    .9465134D+02
     .1240000D+00    .9464198D+02
     .1250000D+00    .9463262D+02
     .1260000D+00    .9462325D+02
     .1270000D+00    .9461389D+02
     .1280000D+00    .9460453D+02
     .1290000D+00    .9459517D+02
     .1300000D+00    .9458581D+02
     .1310000D+00    .9457645D+02
     .1320000D+00    .9456710D+02
     .1330000D+00    .9455774D+02
     .1340000D+00    .9454838D+02
     .1350000D+00    .9453903D+02
     .1360000D+00    .9452968D+02
     .1370000D+00    .9452032D+02
     .1380000D+00    .9451097D+02
     .1390000D+00    .9450162D+02
     .1400000D+00    .9449227D+02
     .1410000D+00    .9448292D+02
     .1420000D+00    .9447358D+02
     .1430000D+00    .9446423D+02
     .1440000D+00    .9445488D+02
     .1450000D+00    .9444554D+02
     .1460000D+00    .9443619D+02
     .1470000D+00    .9442685D+02
     .1480000D+00    .9441751D+02
     .1490000D+00    .9440817D+02
     .1500000D+00    .9439883D+02
     .1510000D+00    .9438949D+02
     .1520000D+00    .9438015D+02
     .1530000D+00    .9437081D+02
     .1540000D+00    .9436148D+02
     .1550000D+00    .9435214D+02
     .1560000D+00    .9434280D+02
     .1570000D+00    .9433347D+02
     .1580000D+00    .9432414D+02
     .1590000D+00    .9431481D+02
     .1600000D+00    .9430548D+02
     .1610000D+00    .9429614D+02
     .1620000D+00    .9428682D+02
     .1630000D+00    .9427749D+02
     .1640000D+00    .9426816D+02
     .1650000D+00    .9425883D+02
     .1660000D+00    .9424951D+02
     .1670000D+00    .9424018D+02
     .1680000D+00    .9423086D+02
     .1690000D+00    .9422154D+02
     .1700000D+00    .9421222D+02
     .1710000D+00    .9420290D+02
     .1720000D+00    .9419358D+02
     .1730000D+00    .9418426D+02
     .1740000D+00    .9417494D+02
     .1750000D+00    .9416562D+02
     .1760000D+00    .9415631D+02
     .1770000D+00    .9414699D+02
     .1780000D+00    .9413768D+02
     .1790000D+00    .9412836D+02
     .1800000D+00    .9411905D+02
     .1810000D+00    .9410974D+02
     .1820000D+00    .9410043D+02
     .1830000D+00    .9409112D+02
     .1840000D+00    .9408181D+02
     .1850000D+00    .9407250D+02
     .1860000D+00    .9406320D+02
     .1870000D+00    .9405389D+02
     .1880000D+00    .9404459D+02
     .1890000D+00    .9403528D+02
     .1900000D+00    .9402598D+02
     .1910000D+00    .9401668D+02
     .1920000D+00    .9400737D+02
     .1930000D+00    .9399807D+02
     .1940000D+00    .9398878D+02
     .1950000D+00    .9397948D+02
     .1960000D+00    .9397018D+02
     .1970000D+00    .9396088D+02
     .1980000D+00    .9395159D+02
     .1990000D+00    .9394229D+02
     .2000000D+00    .9393300D+02
     .2010000D+00    .9392371D+02
     .2020000D+00    .9391441D+02
     .2030000D+00    .9390512D+02
     .2040000D+00    .9389583D+02
     .2050000D+00    .9388654D+02
     .2060000D+00    .9387726D+02
     .2070000D+00    .9386797D+02
     .2080000D+00    .9385868D+02
     .2090000D+00    .9384940D+02
     .2100000D+00    .9384011D+02
     .2110000D+00    .9383083D+02
     .2120000D+00    .9382155D+02
     .2130000D+00    .9381226D+02
     .2140000D+00    .9380298D+02
     .2150000D+00    .9379370D+02
     .2160000D+00    .9378442D+02
     .2170000D+00    .9377515D+02
     .2180000D+00    .9376587D+02
     .2190000D+00    .9375659D+02
     .2200000D+00    .9374732D+02
     .2210000D+00    .9373804D+02
     .2220000D+00    .9372877D+02
     .2230000D+00    .9371950D+02
     .2240000D+00    .9371023D+02
     .2250000D+00    .9370096D+02
     .2260000D+00    .9369169D+02
     .2270000D+00    .9368242D+02
     .2280000D+00    .9367315D+02
     .2290000D+00    .9366388D+02
     .2300000D+00    .9365462D+02
     .2310000D+00    .9364535D+02
     .2320000D+00    .9363609D+02
     .2330000D+00    .9362683D+02
     .2340000D+00    .9361756D+02
     .2350000D+00    .9360830D+02
     .2360000D+00    .9359904D+02
     .2370000D+00    .9358978D+02
     .2380000D+00    .9358052D+02
     .2390000D+00    .9357127D+02
     .2400000D+00    .9356201D+02
     .2410000D+00    .9355275D+02
     .2420000D+00    .9354350D+02
     .2430000D+00    .9353424D+02
     .2440000D+00    .9352499D+02
     .2450000D+00    .9351574D+02
     .2460000D+00    .9350649D+02
     .2470000D+00    .9349724D+02
     .2480000D+00    .9348799D+02
     .2490000D+00    .9347874D+02
     .2500000D+00    .9346949D+02
     .2510000D+00    .9346025D+02
     .2520000D+00    .9345100D+02
     .2530000D+00    .9344176D+02
     .2540000D+00    .9343251D+02
     .2550000D+00    .9342327D+02
     .2560000D+00    .9341403D+02
     .2570000D+00    .9340479D+02
     .2580000D+00    .9339555D+02
     .2590000D+00    .9338631D+02
     .2600000D+00    .9337707D+02
     .2610000D+00    .9336783D+02
     .2620000D+00    .9335860D+02
     .2630000D+00    .9334936D+02
     .2640000D+00    .9334013D+02
     .2650000D+00    .9333089D+02
     .2660000D+00    .9332166D+02
     .2670000D+00    .9331243D+02
     .2680000D+00    .9330320D+02
     .2690000D+00    .9329397D+02
     .2700000D+00    .9328474D+02
     .2710000D+00    .9327551D+02
     .2720000D+00    .9326628D+02
     .2730000D+00    .9325706D+02
     .2740000D+00    .9324783D+02
     .2750000D+00    .9323861D+02
     .2760000D+00    .9322938D+02
     .2770000D+00    .9322016D+02
     .2780000D+00    .9321094D+02
     .2790000D+00    .9320172D+02
     .2800000D+00    .9319250D+02
     .2810000D+00    .9318328D+02
     .2820000D+00    .9317406D+02
     .2830000D+00    .9316485D+02
     .2840000D+00    .9315563D+02
     .2850000D+00    .9314642D+02
     .2860000D+00    .9313720D+02
     .2870000D+00    .9312799D+02
     .2880000D+00    .9311878D+02
     .2890000D+00    .9310956D+02
     .2900000D+00    .9310035D+02
     .2910000D+00    .9309114D+02
     .2920000D+00    .9308194D+02
     .2930000D+00    .9307273D+02
     .2940000D+00    .9306352D+02
     .2950000D+00    .9305432D+02
     .2960000D+00    .9304511D+02
     .2970000D+00    .9303591D+02
     .2980000D+00    .9302670D+02
     .2990000D+00    .9301750D+02
     .3000000D+00    .9300830D+02
     .3010000D+00    .9299910D+02
     .3020000D+00    .9298990D+02
     .3030000D+00    .9298070D+02
     .3040000D+00    .9297150D+02
     .3050000D+00    .9296231D+02
     .3060000D+00    .9295311D+02
     .3070000D+00    .9294392D+02
     .3080000D+00    .9293472D+02
     .3090000D+00    .9292553D+02
     .3100000D+00    .9291634D+02
     .3110000D+00    .9290715D+02
     .3120000D+00    .9289796D+02
     .3130000D+00    .9288877D+02
     .3140000D+00    .9287958D+02
     .3150000D+00    .9287039D+02
     .3160000D+00    .9286120D+02
     .3170000D+00    .9285202D+02
     .3180000D+00    .9284283D+02
     .3190000D+00    .9283365D+02
     .3200000D+00    .9282447D+02
     .3210000D+00    .9281529D+02
     .3220000D+00    .9280610D+02
     .3230000D+00    .9279692D+02
     .3240000D+00    .9278774D+02
     .3250000D+00    .9277857D+02
     .3260000D+00    .9276939D+02
     .3270000D+00    .9276021D+02
     .3280000D+00    .9275104D+02
     .3290000D+00    .9274186D+02
     .3300000D+00    .9273269D+02
     .3310000D+00    .9272352D+02
     .3320000D+00    .9271434D+02
     .3330000D+00    .9270517D+02
     .3340000D+00    .9269600D+02
     .3350000D+00    .9268683D+02
     .3360000D+00    .9267767D+02
     .3370000D+00    .9266850D+02
     .3380000D+00    .9265933D+02
     .3390000D+00    .9265017D+02
     .3400000D+00    .9264100D+02
     .3410000D+00    .9263184D+02
     .3420000D+00    .9262268D+02
     .3430000D+00    .9261351D+02
     .3440000D+00    .9260435D+02
     .3450000D+00    .9259519D+02
     .3460000D+00    .9258603D+02
     .3470000D+00    .9257688D+02
     .3480000D+00    .9256772D+02
     .3490000D+00    .9255856D+02
     .3500000D+00    .9254941D+02
     .3510000D+00    .9254025D+02
     .3520000D+00    .9253110D+02
     .3530000D+00    .9252195D+02
     .3540000D+00    .9251279D+02
     .3550000D+00    .9250364D+02
     .3560000D+00    .9249449D+02
     .3570000D+00    .9248534D+02
     .3580000D+00    .9247620D+02
     .3590000D+00    .9246705D+02
     .3600000D+00    .9245790D+02
     .3610000D+00    .9244876D+02
     .3620000D+00    .9243961D+02
     .3630000D+00    .9243047D+02
     .3640000D+00    .9242133D+02
     .3650000D+00    .9241219D+02
     .3660000D+00    .9240304D+02
     .3670000D+00    .9239390D+02
     .3680000D+00    .9238477D+02
     .3690000D+00    .9237563D+02
     .3700000D+00    .9236649D+02
     .3710000D+00    .9235735D+02
     .3720000D+00    .9234822D+02
     .3730000D+00    .9233908D+02
     .3740000D+00    .9232995D+02
     .3750000D+00    .9232082D+02
     .3760000D+00    .9231169D+02
     .3770000D+00    .9230256D+02
     .3780000D+00    .9229343D+02
     .3790000D+00    .9228430D+02
     .3800000D+00    .9227517D+02
     .3810000D+00    .9226604D+02
     .3820000D+00    .9225692D+02
     .3830000D+00    .9224779D+02
     .3840000D+00    .9223867D+02
     .3850000D+00    .9222954D+02
     .3860000D+00    .9222042D+02
     .3870000D+00    .9221130D+02
     .3880000D+00    .9220218D+02
     .3890000D+00    .9219306D+02
     .3900000D+00    .9218394D+02
     .3910000D+00    .9217482D+02
     .3920000D+00    .9216571D+02
     .3930000D+00    .9215659D+02
     .3940000D+00    .9214747D+02
     .3950000D+00    .9213836D+02
     .3960000D+00    .9212925D+02
     .3970000D+00    .9212013D+02
     .3980000D+00    .9211102D+02
     .3990000D+00    .9210191D+02
     .4000000D+00    .9209280D+02
     .4010000D+00    .9208369D+02
     .4020000D+00    .9207459D+02
     .4030000D+00    .9206548D+02
     .4040000D+00    .9205637D+02
     .4050000D+00    .9204727D+02
     .4060000D+00    .9203816D+02
     .4070000D+00    .9202906D+02
     .4080000D+00    .9201996D+02
     .4090000D+00    .9201086D+02
     .4100000D+00    .9200175D+02
     .4110000D+00    .9199265D+02
     .4120000D+00    .9198356D+02
     .4130000D+00    .9197446D+02
     .4140000D+00    .9196536D+02
     .4150000D+00    .9195627D+02
     .4160000D+00    .9194717D+02
     .4170000D+00    .9193808D+02
     .4180000D+00    .9192898D+02
     .4190000D+00    .9191989D+02
     .4200000D+00    .9191080D+02
     .4210000D+00    .9190171D+02
     .4220000D+00    .9189262D+02
     .4230000D+00    .9188353D+02
     .4240000D+00    .9187444D+02
     .4250000D+00    .9186535D+02
     .4260000D+00    .9185627D+02
     .4270000D+00    .9184718D+02
     .4280000D+00    .9183810D+02
     .4290000D+00    .9182902D+02
     .4300000D+00    .9181993D+02
     .4310000D+00    .9181085D+02
     .4320000D+00    .9180177D+02
     .4330000D+00    .9179269D+02
     .4340000D+00    .9178361D+02
     .4350000D+00    .9177453D+02
     .4360000D+00    .9176546D+02
     .4370000D+00    .9175638D+02
     .4380000D+00    .9174731D+02
     .4390000D+00    .9173823D+02
     .4400000D+00    .9172916D+02
     .4410000D+00    .9172009D+02
     .4420000D+00    .9171101D+02
     .4430000D+00    .9170194D+02
     .4440000D+00    .9169287D+02
     .4450000D+00    .9168381D+02
     .4460000D+00    .9167474D+02
     .4470000D+00    .9166567D+02
     .4480000D+00    .9165660D+02
     .4490000D+00    .9164754D+02
     .4500000D+00    .9163847D+02
     .4510000D+00    .9162941D+02
     .4520000D+00    .9162035D+02
     .4530000D+00    .9161129D+02
     .4540000D+00    .9160223D+02
     .4550000D+00    .9159317D+02
     .4560000D+00    .9158411D+02
     .4570000D+00    .9157505D+02
     .4580000D+00    .9156599D+02
     .4590000D+00    .9155694D+02
     .4600000D+00    .9154788D+02
     .4610000D+00    .9153883D+02
     .4620000D+00    .9152977D+02
     .4630000D+00    .9152072D+02
     .4640000D+00    .9151167D+02
     .4650000D+00    .9150262D+02
     .4660000D+00    .9149357D+02
     .4670000D+00    .9148452D+02
     .4680000D+00    .9147547D+02
     .4690000D+00    .9146643D+02
     .4700000D+00    .9145738D+02
     .4710000D+00    .9144833D+02
     .4720000D+00    .9143929D+02
     .4730000D+00    .9143025D+02
     .4740000D+00    .9142120D+02
     .4750000D+00    .9141216D+02
     .4760000D+00    .9140312D+02
     .4770000D+00    .9139408D+02
     .4780000D+00    .9138504D+02
     .4790000D+00    .9137600D+02
     .4800000D+00    .9136697D+02
     .4810000D+00    .9135793D+02
     .4820000D+00    .9134890D+02
     .4830000D+00    .9133986D+02
     .4840000D+00    .9133083D+02
     .4850000D+00    .9132179D+02
     .4860000D+00    .9131276D+02
     .4870000D+00    .9130373D+02
     .4880000D+00    .9129470D+02
     .4890000D+00    .9128567D+02
     .4900000D+00    .9127664D+02
     .4910000D+00    .9126762D+02
     .4920000D+00    .9125859D+02
     .4930000D+00    .9124957D+02
     .4940000D+00    .9124054D+02
     .4950000D+00    .9123152D+02
     .4960000D+00    .9122250D+02
     .4970000D+00    .9121347D+02
     .4980000D+00    .9120445D+02
     .4990000D+00    .9119543D+02
     .5000000D+00    .9118641D+02
