     .0000000D+00   -.1228576D+23
     .1000000D-02   -.1235321D+23
     .2000000D-02    .3268551D+22
     .3000000D-02    .3197714D+22
     .4000000D-02    .3130716D+22
     .5000000D-02    .3067230D+22
     .6000000D-02    .3006956D+22
     .7000000D-02    .2949609D+22
     .8000000D-02    .2894907D+22
     .9000000D-02    .2842548D+22
     .1000000D-01    .2792188D+22
     .1100000D-01    .2743396D+22
     .1200000D-01    .2695593D+22
     .1300000D-01    .2647956D+22
     .1400000D-01    .2599275D+22
     .1500000D-01    .2547742D+22
     .1600000D-01    .2490673D+22
     .1700000D-01    .2424175D+22
     .1800000D-01    .2342891D+22
     .1900000D-01    .2240117D+22
     .2000000D-01    .2108817D+22
     .2100000D-01    .1944455D+22
     .2200000D-01    .1748816D+22
     .2300000D-01    .1531670D+22
     .2400000D-01    .1308506D+22
     .2500000D-01    .1095327D+22
     .2600000D-01    .9038279D+21
     .2700000D-01    .7396524D+21
     .2800000D-01    .6034113D+21
     .2900000D-01    .4926987D+21
     .3000000D-01    .4038326D+21
     .3100000D-01    .3329431D+21
     .3200000D-01    .2765075D+21
     .3300000D-01    .2315430D+21
     .3400000D-01    .1956223D+21
     .3500000D-01    .1668151D+21
     .3600000D-01    .1436052D+21
     .3700000D-01    .1248093D+21
     .3800000D-01    .1095064D+21
     .3900000D-01    .9697972D+20
     .4000000D-01    .8667012D+20
     .4100000D-01    .7814036D+20
     .4200000D-01    .7104710D+20
     .4300000D-01    .6511955D+20
     .4400000D-01    .6014305D+20
     .4500000D-01    .5594654D+20
     .4600000D-01    .5239292D+20
     .4700000D-01    .4937170D+20
     .4800000D-01    .4679327D+20
     .4900000D-01    .4458453D+20
     .5000000D-01    .4268551D+20
     .5100000D-01    .4104672D+20
     .5200000D-01    .3962704D+20
     .5300000D-01    .3839222D+20
     .5400000D-01    .3731350D+20
     .5500000D-01    .3636669D+20
     .5600000D-01    .3553133D+20
     .5700000D-01    .3479008D+20
     .5800000D-01    .3412820D+20
     .5900000D-01    .3353317D+20
     .6000000D-01    .3299430D+20
     .6100000D-01    .3250248D+20
     .6200000D-01    .3204998D+20
     .6300000D-01    .3163020D+20
     .6400000D-01    .3123755D+20
     .6500000D-01    .3086729D+20
     .6600000D-01    .3051542D+20
     .6700000D-01    .3017857D+20
     .6800000D-01    .2985390D+20
     .6900000D-01    .2953906D+20
     .7000000D-01    .2923208D+20
     .7100000D-01    .2893131D+20
     .7200000D-01    .2863543D+20
     .7300000D-01    .2834331D+20
     .7400000D-01    .2805406D+20
     .7500000D-01    .2776693D+20
     .7600000D-01    .2748134D+20
     .7700000D-01    .2719679D+20
     .7800000D-01    .2691291D+20
     .7900000D-01    .2662938D+20
     .8000000D-01    .2634596D+20
     .8100000D-01    .2606245D+20
     .8200000D-01    .2577871D+20
     .8300000D-01    .2549460D+20
     .8400000D-01    .2521004D+20
     .8500000D-01    .2492495D+20
     .8600000D-01    .2463927D+20
     .8700000D-01    .2435297D+20
     .8800000D-01    .2406600D+20
     .8900000D-01    .2377834D+20
     .9000000D-01    .2348997D+20
     .9100000D-01    .2320088D+20
     .9200000D-01    .2291104D+20
     .9300000D-01    .2262045D+20
     .9400000D-01    .2232911D+20
     .9500000D-01    .2203701D+20
     .9600000D-01    .2174413D+20
     .9700000D-01    .2145049D+20
     .9800000D-01    .2115607D+20
     .9900000D-01    .2086088D+20
     .1000000D+00    .2056491D+20
     .1010000D+00    .2026816D+20
     .1020000D+00    .1997063D+20
     .1030000D+00    .1967233D+20
     .1040000D+00    .1937324D+20
     .1050000D+00    .1907338D+20
     .1060000D+00    .1877274D+20
     .1070000D+00    .1847133D+20
     .1080000D+00    .1816915D+20
     .1090000D+00    .1786620D+20
     .1100000D+00    .1756248D+20
     .1110000D+00    .1725800D+20
     .1120000D+00    .1695277D+20
     .1130000D+00    .1664679D+20
     .1140000D+00    .1634006D+20
     .1150000D+00    .1603260D+20
     .1160000D+00    .1572442D+20
     .1170000D+00    .1541551D+20
     .1180000D+00    .1510590D+20
     .1190000D+00    .1479560D+20
     .1200000D+00    .1448462D+20
     .1210000D+00    .1417297D+20
     .1220000D+00    .1386068D+20
     .1230000D+00    .1354776D+20
     .1240000D+00    .1323424D+20
     .1250000D+00    .1292013D+20
     .1260000D+00    .1260548D+20
     .1270000D+00    .1229029D+20
     .1280000D+00    .1197462D+20
     .1290000D+00    .1165850D+20
     .1300000D+00    .1134197D+20
     .1310000D+00    .1102507D+20
     .1320000D+00    .1070787D+20
     .1330000D+00    .1039041D+20
     .1340000D+00    .1007277D+20
     .1350000D+00    .9755015D+19
     .1360000D+00    .9437233D+19
     .1370000D+00    .9119515D+19
     .1380000D+00    .8801967D+19
     .1390000D+00    .8484707D+19
     .1400000D+00    .8167869D+19
     .1410000D+00    .7851603D+19
     .1420000D+00    .7536080D+19
     .1430000D+00    .7221492D+19
     .1440000D+00    .6908057D+19
     .1450000D+00    .6596021D+19
     .1460000D+00    .6285663D+19
     .1470000D+00    .5977297D+19
     .1480000D+00    .5671277D+19
     .1490000D+00    .5368001D+19
     .1500000D+00    .5067917D+19
     .1510000D+00    .4771521D+19
     .1520000D+00    .4479365D+19
     .1530000D+00    .4192059D+19
     .1540000D+00    .3910265D+19
     .1550000D+00    .3634699D+19
     .1560000D+00    .3366125D+19
     .1570000D+00    .3105343D+19
     .1580000D+00    .2853176D+19
     .1590000D+00    .2610452D+19
     .1600000D+00    .2377982D+19
     .1610000D+00    .2156531D+19
     .1620000D+00    .1946790D+19
     .1630000D+00    .1749349D+19
     .1640000D+00    .1564668D+19
     .1650000D+00    .1393057D+19
     .1660000D+00    .1234656D+19
     .1670000D+00    .1089433D+19
     .1680000D+00    .9571805D+18
     .1690000D+00    .8375313D+18
     .1700000D+00    .7299738D+18
     .1710000D+00    .6338770D+18
     .1720000D+00    .5485184D+18
     .1730000D+00    .4731127D+18
     .1740000D+00    .4068394D+18
     .1750000D+00    .3488684D+18
     .1760000D+00    .2983809D+18
     .1770000D+00    .2545869D+18
     .1780000D+00    .2167382D+18
     .1790000D+00    .1841369D+18
     .1800000D+00    .1561409D+18
     .1810000D+00    .1321664D+18
     .1820000D+00    .1116876D+18
     .1830000D+00    .9423527D+17
     .1840000D+00    .7939369D+17
     .1850000D+00    .6679691D+17
     .1860000D+00    .5612468D+17
     .1870000D+00    .4709813D+17
     .1880000D+00    .3947545D+17
     .1890000D+00    .3304776D+17
     .1900000D+00    .2763527D+17
     .1910000D+00    .2308367D+17
     .1920000D+00    .1926086D+17
     .1930000D+00    .1605407D+17
     .1940000D+00    .1336719D+17
     .1950000D+00    .1111849D+17
     .1960000D+00    .9238630D+16
     .1970000D+00    .7668815D+16
     .1980000D+00    .6359321D+16
     .1990000D+00    .5268135D+16
     .2000000D+00    .4359815D+16
     .2010000D+00    .3604502D+16
     .2020000D+00    .2977068D+16
     .2030000D+00    .2456398D+16
     .2040000D+00    .2024767D+16
     .2050000D+00    .1667313D+16
     .2060000D+00    .1371591D+16
     .2070000D+00    .1127189D+16
     .2080000D+00    .9254063D+15
     .2090000D+00    .7589812D+15
     .2100000D+00    .6218581D+15
     .2110000D+00    .5089936D+15
     .2120000D+00    .4161912D+15
     .2130000D+00    .3399632D+15
     .2140000D+00    .2774139D+15
     .2150000D+00    .2261417D+15
     .2160000D+00    .1841570D+15
     .2170000D+00    .1498130D+15
     .2180000D+00    .1217485D+15
     .2190000D+00    .9883924D+14
     .2200000D+00    .8015779D+14
     .2210000D+00    .6493991D+14
     .2220000D+00    .5255646D+14
     .2230000D+00    .4249013D+14
     .2240000D+00    .3431599D+14
     .2250000D+00    .2768539D+14
     .2260000D+00    .2231257D+14
     .2270000D+00    .1796355D+14
     .2280000D+00    .1444701D+14
     .2290000D+00    .1160663D+14
     .2300000D+00    .9314844D+13
     .2310000D+00    .7467683D+13
     .2320000D+00    .5980482D+13
     .2330000D+00    .4784384D+13
     .2340000D+00    .3823444D+13
     .2350000D+00    .3052261D+13
     .2360000D+00    .2434032D+13
     .2370000D+00    .1938957D+13
     .2380000D+00    .1542933D+13
     .2390000D+00    .1226485D+13
     .2400000D+00    .9738980D+12
     .2410000D+00    .7725037D+12
     .2420000D+00    .6121011D+12
     .2430000D+00    .4844858D+12
     .2440000D+00    .3830666D+12
     .2450000D+00    .3025538D+12
     .2460000D+00    .2387075D+12
     .2470000D+00    .1881328D+12
     .2480000D+00    .1481149D+12
     .2490000D+00    .1164845D+12
     .2500000D+00    .9151109D+11
     .2510000D+00    .7181507D+11
     .2520000D+00    .5629818D+11
     .2530000D+00    .4408703D+11
     .2540000D+00    .3448782D+11
     .2550000D+00    .2695008D+11
     .2560000D+00    .2103755D+11
     .2570000D+00    .1640485D+11
     .2580000D+00    .1277889D+11
     .2590000D+00    .9943970D+10
     .2600000D+00    .7729909D+10
     .2610000D+00    .6002604D+10
     .2620000D+00    .4656490D+10
     .2630000D+00    .3608568D+10
     .2640000D+00    .2793654D+10
     .2650000D+00    .2160611D+10
     .2660000D+00    .1669369D+10
     .2670000D+00    .1288565D+10
     .2680000D+00    .9936796D+09
     .2690000D+00    .7655629D+09
     .2700000D+00    .5892779D+09
     .2710000D+00    .4531854D+09
     .2720000D+00    .3482267D+09
     .2730000D+00    .2673588D+09
     .2740000D+00    .2051124D+09
     .2750000D+00    .1572448D+09
     .2760000D+00    .1204683D+09
     .2770000D+00    .9223824D+08
     .2780000D+00    .7058715D+08
     .2790000D+00    .5399542D+08
     .2800000D+00    .4129065D+08
     .2810000D+00    .3156928D+08
     .2820000D+00    .2413567D+08
     .2830000D+00    .1845480D+08
     .2840000D+00    .1411562D+08
     .2850000D+00    .1080262D+08
     .2860000D+00    .8273892D+07
     .2870000D+00    .6344115D+07
     .2880000D+00    .4871458D+07
     .2890000D+00    .3747470D+07
     .2900000D+00    .2889300D+07
     .2910000D+00    .2233701D+07
     .2920000D+00    .1732431D+07
     .2930000D+00    .1348720D+07
     .2940000D+00    .1054558D+07
     .2950000D+00    .8286240D+06
     .2960000D+00    .6546915D+06
     .2970000D+00    .5204194D+06
     .2980000D+00    .4164227D+06
     .2990000D+00    .3355654D+06
     .3000000D+00    .2724213D+06
     .3010000D+00    .2228633D+06
     .3020000D+00    .1837511D+06
     .3030000D+00    .1526933D+06
     .3040000D+00    .1278672D+06
     .3050000D+00    .1078816D+06
     .3060000D+00    .9167299D+05
     .3070000D+00    .7842647D+05
     .3080000D+00    .6751627D+05
     .3090000D+00    .5846027D+05
     .3100000D+00    .5088573D+05
     .3110000D+00    .4450331D+05
     .3120000D+00    .3908733D+05
     .3130000D+00    .3446084D+05
     .3140000D+00    .3048431D+05
     .3150000D+00    .2704700D+05
     .3160000D+00    .2406042D+05
     .3170000D+00    .2145337D+05
     .3180000D+00    .1916810D+05
     .3190000D+00    .1715743D+05
     .3200000D+00    .1538253D+05
     .3210000D+00    .1381116D+05
     .3220000D+00    .1241639D+05
     .3230000D+00    .1117554D+05
     .3240000D+00    .1006940D+05
     .3250000D+00    .9081573D+04
     .3260000D+00    .8197990D+04
     .3270000D+00    .7406524D+04
     .3280000D+00    .6696660D+04
     .3290000D+00    .6059245D+04
     .3300000D+00    .5486278D+04
     .3310000D+00    .4970745D+04
     .3320000D+00    .4506473D+04
     .3330000D+00    .4088017D+04
     .3340000D+00    .3710563D+04
     .3350000D+00    .3369844D+04
     .3360000D+00    .3062072D+04
     .3370000D+00    .2783878D+04
     .3380000D+00    .2532260D+04
     .3390000D+00    .2304543D+04
     .3400000D+00    .2098335D+04
     .3410000D+00    .1911499D+04
     .3420000D+00    .1742122D+04
     .3430000D+00    .1588491D+04
     .3440000D+00    .1449069D+04
     .3450000D+00    .1322477D+04
     .3460000D+00    .1207479D+04
     .3470000D+00    .1102960D+04
     .3480000D+00    .1007921D+04
     .3490000D+00    .9214605D+03
     .3500000D+00    .8427682D+03
     .3510000D+00    .7711133D+03
     .3520000D+00    .7058374D+03
     .3530000D+00    .6463461D+03
     .3540000D+00    .5921033D+03
     .3550000D+00    .5426246D+03
     .3560000D+00    .4974726D+03
     .3570000D+00    .4562516D+03
     .3580000D+00    .4186038D+03
     .3590000D+00    .3842056D+03
     .3600000D+00    .3527638D+03
     .3610000D+00    .3240129D+03
     .3620000D+00    .2977123D+03
     .3630000D+00    .2736438D+03
     .3640000D+00    .2516095D+03
     .3650000D+00    .2314300D+03
     .3660000D+00    .2129421D+03
     .3670000D+00    .1959978D+03
     .3680000D+00    .1804625D+03
     .3690000D+00    .1662139D+03
     .3700000D+00    .1531408D+03
     .3710000D+00    .1411419D+03
     .3720000D+00    .1301252D+03
     .3730000D+00    .1200067D+03
     .3740000D+00    .1107100D+03
     .3750000D+00    .1021655D+03
     .3760000D+00    .9430965D+02
     .3770000D+00    .8708461D+02
     .3780000D+00    .8043751D+02
     .3790000D+00    .7432015D+02
     .3800000D+00    .6868848D+02
     .3810000D+00    .6350231D+02
     .3820000D+00    .5872488D+02
     .3830000D+00    .5432260D+02
     .3840000D+00    .5026476D+02
     .3850000D+00    .4652326D+02
     .3860000D+00    .4307240D+02
     .3870000D+00    .3988864D+02
     .3880000D+00    .3695043D+02
     .3890000D+00    .3423804D+02
     .3900000D+00    .3173337D+02
     .3910000D+00    .2941986D+02
     .3920000D+00    .2728230D+02
     .3930000D+00    .2530674D+02
     .3940000D+00    .2348039D+02
     .3950000D+00    .2179152D+02
     .3960000D+00    .2022934D+02
     .3970000D+00    .1878395D+02
     .3980000D+00    .1744626D+02
     .3990000D+00    .1620790D+02
     .4000000D+00    .1506120D+02
     .4010000D+00    .1399909D+02
     .4020000D+00    .1301508D+02
     .4030000D+00    .1210317D+02
     .4040000D+00    .1125787D+02
     .4050000D+00    .1047412D+02
     .4060000D+00    .9747244D+01
     .4070000D+00    .9072949D+01
     .4080000D+00    .8447275D+01
     .4090000D+00    .7866571D+01
     .4100000D+00    .7327473D+01
     .4110000D+00    .6826879D+01
     .4120000D+00    .6361925D+01
     .4130000D+00    .5929970D+01
     .4140000D+00    .5528578D+01
     .4150000D+00    .5155496D+01
     .4160000D+00    .4808648D+01
     .4170000D+00    .4486114D+01
     .4180000D+00    .4186120D+01
     .4190000D+00    .3907027D+01
     .4200000D+00    .3647320D+01
     .4210000D+00    .3405597D+01
     .4220000D+00    .3180564D+01
     .4230000D+00    .2971022D+01
     .4240000D+00    .2775860D+01
     .4250000D+00    .2594053D+01
     .4260000D+00    .2424650D+01
     .4270000D+00    .2266770D+01
     .4280000D+00    .2119599D+01
     .4290000D+00    .1982381D+01
     .4300000D+00    .1854416D+01
     .4310000D+00    .1735056D+01
     .4320000D+00    .1623698D+01
     .4330000D+00    .1519786D+01
     .4340000D+00    .1422801D+01
     .4350000D+00    .1332263D+01
     .4360000D+00    .1247728D+01
     .4370000D+00    .1168782D+01
     .4380000D+00    .1095040D+01
     .4390000D+00    .1026147D+01
     .4400000D+00    .9617709D+00
     .4410000D+00    .9016051D+00
     .4420000D+00    .8453633D+00
     .4430000D+00    .7927802D+00
     .4440000D+00    .7436088D+00
     .4450000D+00    .6976196D+00
     .4460000D+00    .6545993D+00
     .4470000D+00    .6143492D+00
     .4480000D+00    .5766848D+00
     .4490000D+00    .5414343D+00
     .4500000D+00    .5084377D+00
     .4510000D+00    .4775462D+00
     .4520000D+00    .4486213D+00
     .4530000D+00    .4215339D+00
     .4540000D+00    .3961640D+00
     .4550000D+00    .3723996D+00
     .4560000D+00    .3501366D+00
     .4570000D+00    .3292777D+00
     .4580000D+00    .3097326D+00
     .4590000D+00    .2914169D+00
     .4600000D+00    .2742521D+00
     .4610000D+00    .2581648D+00
     .4620000D+00    .2430869D+00
     .4630000D+00    .2289548D+00
     .4640000D+00    .2157089D+00
     .4650000D+00    .2032942D+00
     .4660000D+00    .1916589D+00
     .4670000D+00    .1807551D+00
     .4680000D+00    .1705378D+00
     .4690000D+00    .1609655D+00
     .4700000D+00    .1519990D+00
     .4710000D+00    .1436021D+00
     .4720000D+00    .1357411D+00
     .4730000D+00    .1283843D+00
     .4740000D+00    .1215026D+00
     .4750000D+00    .1150686D+00
     .4760000D+00    .1090569D+00
     .4770000D+00    .1034439D+00
     .4780000D+00    .9820768D-01
     .4790000D+00    .9332779D-01
     .4800000D+00    .8878537D-01
     .4810000D+00    .8456288D-01
     .4820000D+00    .8064411D-01
     .4830000D+00    .7701407D-01
     .4840000D+00    .7365893D-01
     .4850000D+00    .7056596D-01
     .4860000D+00    .6772346D-01
     .4870000D+00    .6512074D-01
     .4880000D+00    .6274802D-01
     .4890000D+00    .6059644D-01
     .4900000D+00    .5865796D-01
     .4910000D+00    .5692539D-01
     .4920000D+00    .5539232D-01
     .4930000D+00    .5405307D-01
     .4940000D+00    .5290272D-01
     .4950000D+00    .5193705D-01
     .4960000D+00    .5115253D-01
     .4970000D+00    .5054631D-01
     .4980000D+00    .5011618D-01
     .4990000D+00    .4986060D-01
     .5000000D+00    .4977869D-01
