     .0000000D+00    .1000000D+02
     .1000000D-02    .1000942D+02
     .2000000D-02    .1001857D+02
     .3000000D-02    .1002745D+02
     .4000000D-02    .1003606D+02
     .5000000D-02    .1004440D+02
     .6000000D-02    .1005247D+02
     .7000000D-02    .1006027D+02
     .8000000D-02    .1006780D+02
     .9000000D-02    .1007506D+02
     .1000000D-01    .1008205D+02
     .1100000D-01    .1008877D+02
     .1200000D-01    .1009522D+02
     .1300000D-01    .1010140D+02
     .1400000D-01    .1010731D+02
     .1500000D-01    .1011295D+02
     .1600000D-01    .1011832D+02
     .1700000D-01    .1012342D+02
     .1800000D-01    .1012825D+02
     .1900000D-01    .1013281D+02
     .2000000D-01    .1013710D+02
     .2100000D-01    .1014113D+02
     .2200000D-01    .1014488D+02
     .2300000D-01    .1014836D+02
     .2400000D-01    .1015158D+02
     .2500000D-01    .1015454D+02
     .2600000D-01    .1015725D+02
     .2700000D-01    .1015970D+02
     .2800000D-01    .1016191D+02
     .2900000D-01    .1016389D+02
     .3000000D-01    .1016564D+02
     .3100000D-01    .1016718D+02
     .3200000D-01    .1016851D+02
     .3300000D-01    .1016965D+02
     .3400000D-01    .1017060D+02
     .3500000D-01    .1017137D+02
     .3600000D-01    .1017198D+02
     .3700000D-01    .1017244D+02
     .3800000D-01    .1017276D+02
     .3900000D-01    .1017294D+02
     .4000000D-01    .1017301D+02
     .4100000D-01    .1017296D+02
     .4200000D-01    .1017281D+02
     .4300000D-01    .1017257D+02
     .4400000D-01    .1017225D+02
     .4500000D-01    .1017185D+02
     .4600000D-01    .1017139D+02
     .4700000D-01    .1017086D+02
     .4800000D-01    .1017028D+02
     .4900000D-01    .1016966D+02
     .5000000D-01    .1016899D+02
     .5100000D-01    .1016829D+02
     .5200000D-01    .1016755D+02
     .5300000D-01    .1016679D+02
     .5400000D-01    .1016600D+02
     .5500000D-01    .1016519D+02
     .5600000D-01    .1016437D+02
     .5700000D-01    .1016353D+02
     .5800000D-01    .1016267D+02
     .5900000D-01    .1016181D+02
     .6000000D-01    .1016094D+02
     .6100000D-01    .1016005D+02
     .6200000D-01    .1015917D+02
     .6300000D-01    .1015827D+02
     .6400000D-01    .1015738D+02
     .6500000D-01    .1015648D+02
     .6600000D-01    .1015557D+02
     .6700000D-01    .1015467D+02
     .6800000D-01    .1015376D+02
     .6900000D-01    .1015285D+02
     .7000000D-01    .1015194D+02
     .7100000D-01    .1015103D+02
     .7200000D-01    .1015012D+02
     .7300000D-01    .1014920D+02
     .7400000D-01    .1014829D+02
     .7500000D-01    .1014738D+02
     .7600000D-01    .1014646D+02
     .7700000D-01    .1014555D+02
     .7800000D-01    .1014464D+02
     .7900000D-01    .1014372D+02
     .8000000D-01    .1014281D+02
     .8100000D-01    .1014190D+02
     .8200000D-01    .1014098D+02
     .8300000D-01    .1014007D+02
     .8400000D-01    .1013915D+02
     .8500000D-01    .1013824D+02
     .8600000D-01    .1013733D+02
     .8700000D-01    .1013641D+02
     .8800000D-01    .1013550D+02
     .8900000D-01    .1013459D+02
     .9000000D-01    .1013367D+02
     .9100000D-01    .1013276D+02
     .9200000D-01    .1013185D+02
     .9300000D-01    .1013093D+02
     .9400000D-01    .1013002D+02
     .9500000D-01    .1012911D+02
     .9600000D-01    .1012819D+02
     .9700000D-01    .1012728D+02
     .9800000D-01    .1012637D+02
     .9900000D-01    .1012546D+02
     .1000000D+00    .1012454D+02
     .1010000D+00    .1012363D+02
     .1020000D+00    .1012272D+02
     .1030000D+00    .1012181D+02
     .1040000D+00    .1012089D+02
     .1050000D+00    .1011998D+02
     .1060000D+00    .1011907D+02
     .1070000D+00    .1011816D+02
     .1080000D+00    .1011725D+02
     .1090000D+00    .1011633D+02
     .1100000D+00    .1011542D+02
     .1110000D+00    .1011451D+02
     .1120000D+00    .1011360D+02
     .1130000D+00    .1011269D+02
     .1140000D+00    .1011178D+02
     .1150000D+00    .1011087D+02
     .1160000D+00    .1010996D+02
     .1170000D+00    .1010904D+02
     .1180000D+00    .1010813D+02
     .1190000D+00    .1010722D+02
     .1200000D+00    .1010631D+02
     .1210000D+00    .1010540D+02
     .1220000D+00    .1010449D+02
     .1230000D+00    .1010358D+02
     .1240000D+00    .1010267D+02
     .1250000D+00    .1010176D+02
     .1260000D+00    .1010085D+02
     .1270000D+00    .1009994D+02
     .1280000D+00    .1009903D+02
     .1290000D+00    .1009812D+02
     .1300000D+00    .1009721D+02
     .1310000D+00    .1009630D+02
     .1320000D+00    .1009539D+02
     .1330000D+00    .1009448D+02
     .1340000D+00    .1009357D+02
     .1350000D+00    .1009266D+02
     .1360000D+00    .1009175D+02
     .1370000D+00    .1009084D+02
     .1380000D+00    .1008994D+02
     .1390000D+00    .1008903D+02
     .1400000D+00    .1008812D+02
     .1410000D+00    .1008721D+02
     .1420000D+00    .1008630D+02
     .1430000D+00    .1008539D+02
     .1440000D+00    .1008448D+02
     .1450000D+00    .1008357D+02
     .1460000D+00    .1008267D+02
     .1470000D+00    .1008176D+02
     .1480000D+00    .1008085D+02
     .1490000D+00    .1007994D+02
     .1500000D+00    .1007903D+02
     .1510000D+00    .1007813D+02
     .1520000D+00    .1007722D+02
     .1530000D+00    .1007631D+02
     .1540000D+00    .1007540D+02
     .1550000D+00    .1007450D+02
     .1560000D+00    .1007359D+02
     .1570000D+00    .1007268D+02
     .1580000D+00    .1007177D+02
     .1590000D+00    .1007087D+02
     .1600000D+00    .1006996D+02
     .1610000D+00    .1006905D+02
     .1620000D+00    .1006815D+02
     .1630000D+00    .1006724D+02
     .1640000D+00    .1006633D+02
     .1650000D+00    .1006543D+02
     .1660000D+00    .1006452D+02
     .1670000D+00    .1006361D+02
     .1680000D+00    .1006271D+02
     .1690000D+00    .1006180D+02
     .1700000D+00    .1006089D+02
     .1710000D+00    .1005999D+02
     .1720000D+00    .1005908D+02
     .1730000D+00    .1005818D+02
     .1740000D+00    .1005727D+02
     .1750000D+00    .1005637D+02
     .1760000D+00    .1005546D+02
     .1770000D+00    .1005455D+02
     .1780000D+00    .1005365D+02
     .1790000D+00    .1005274D+02
     .1800000D+00    .1005184D+02
     .1810000D+00    .1005093D+02
     .1820000D+00    .1005003D+02
     .1830000D+00    .1004912D+02
     .1840000D+00    .1004822D+02
     .1850000D+00    .1004731D+02
     .1860000D+00    .1004641D+02
     .1870000D+00    .1004550D+02
     .1880000D+00    .1004460D+02
     .1890000D+00    .1004369D+02
     .1900000D+00    .1004279D+02
     .1910000D+00    .1004189D+02
     .1920000D+00    .1004098D+02
     .1930000D+00    .1004008D+02
     .1940000D+00    .1003917D+02
     .1950000D+00    .1003827D+02
     .1960000D+00    .1003737D+02
     .1970000D+00    .1003646D+02
     .1980000D+00    .1003556D+02
     .1990000D+00    .1003466D+02
     .2000000D+00    .1003375D+02
     .2010000D+00    .1003285D+02
     .2020000D+00    .1003195D+02
     .2030000D+00    .1003104D+02
     .2040000D+00    .1003014D+02
     .2050000D+00    .1002924D+02
     .2060000D+00    .1002833D+02
     .2070000D+00    .1002743D+02
     .2080000D+00    .1002653D+02
     .2090000D+00    .1002563D+02
     .2100000D+00    .1002472D+02
     .2110000D+00    .1002382D+02
     .2120000D+00    .1002292D+02
     .2130000D+00    .1002202D+02
     .2140000D+00    .1002111D+02
     .2150000D+00    .1002021D+02
     .2160000D+00    .1001931D+02
     .2170000D+00    .1001841D+02
     .2180000D+00    .1001751D+02
     .2190000D+00    .1001660D+02
     .2200000D+00    .1001570D+02
     .2210000D+00    .1001480D+02
     .2220000D+00    .1001390D+02
     .2230000D+00    .1001300D+02
     .2240000D+00    .1001210D+02
     .2250000D+00    .1001120D+02
     .2260000D+00    .1001030D+02
     .2270000D+00    .1000939D+02
     .2280000D+00    .1000849D+02
     .2290000D+00    .1000759D+02
     .2300000D+00    .1000669D+02
     .2310000D+00    .1000579D+02
     .2320000D+00    .1000489D+02
     .2330000D+00    .1000399D+02
     .2340000D+00    .1000309D+02
     .2350000D+00    .1000219D+02
     .2360000D+00    .1000129D+02
     .2370000D+00    .1000039D+02
     .2380000D+00    .9999489D+01
     .2390000D+00    .9998589D+01
     .2400000D+00    .9997690D+01
     .2410000D+00    .9996790D+01
     .2420000D+00    .9995890D+01
     .2430000D+00    .9994991D+01
     .2440000D+00    .9994091D+01
     .2450000D+00    .9993192D+01
     .2460000D+00    .9992293D+01
     .2470000D+00    .9991393D+01
     .2480000D+00    .9990494D+01
     .2490000D+00    .9989595D+01
     .2500000D+00    .9988696D+01
     .2510000D+00    .9987798D+01
     .2520000D+00    .9986899D+01
     .2530000D+00    .9986000D+01
     .2540000D+00    .9985102D+01
     .2550000D+00    .9984203D+01
     .2560000D+00    .9983305D+01
     .2570000D+00    .9982406D+01
     .2580000D+00    .9981508D+01
     .2590000D+00    .9980610D+01
     .2600000D+00    .9979712D+01
     .2610000D+00    .9978814D+01
     .2620000D+00    .9977916D+01
     .2630000D+00    .9977019D+01
     .2640000D+00    .9976121D+01
     .2650000D+00    .9975223D+01
     .2660000D+00    .9974326D+01
     .2670000D+00    .9973429D+01
     .2680000D+00    .9972531D+01
     .2690000D+00    .9971634D+01
     .2700000D+00    .9970737D+01
     .2710000D+00    .9969840D+01
     .2720000D+00    .9968943D+01
     .2730000D+00    .9968046D+01
     .2740000D+00    .9967149D+01
     .2750000D+00    .9966253D+01
     .2760000D+00    .9965356D+01
     .2770000D+00    .9964460D+01
     .2780000D+00    .9963563D+01
     .2790000D+00    .9962667D+01
     .2800000D+00    .9961771D+01
     .2810000D+00    .9960875D+01
     .2820000D+00    .9959979D+01
     .2830000D+00    .9959083D+01
     .2840000D+00    .9958187D+01
     .2850000D+00    .9957291D+01
     .2860000D+00    .9956395D+01
     .2870000D+00    .9955500D+01
     .2880000D+00    .9954604D+01
     .2890000D+00    .9953709D+01
     .2900000D+00    .9952813D+01
     .2910000D+00    .9951918D+01
     .2920000D+00    .9951023D+01
     .2930000D+00    .9950128D+01
     .2940000D+00    .9949233D+01
     .2950000D+00    .9948338D+01
     .2960000D+00    .9947443D+01
     .2970000D+00    .9946549D+01
     .2980000D+00    .9945654D+01
     .2990000D+00    .9944759D+01
     .3000000D+00    .9943865D+01
     .3010000D+00    .9942971D+01
     .3020000D+00    .9942076D+01
     .3030000D+00    .9941182D+01
     .3040000D+00    .9940288D+01
     .3050000D+00    .9939394D+01
     .3060000D+00    .9938500D+01
     .3070000D+00    .9937607D+01
     .3080000D+00    .9936713D+01
     .3090000D+00    .9935819D+01
     .3100000D+00    .9934926D+01
     .3110000D+00    .9934032D+01
     .3120000D+00    .9933139D+01
     .3130000D+00    .9932246D+01
     .3140000D+00    .9931352D+01
     .3150000D+00    .9930459D+01
     .3160000D+00    .9929566D+01
     .3170000D+00    .9928673D+01
     .3180000D+00    .9927781D+01
     .3190000D+00    .9926888D+01
     .3200000D+00    .9925995D+01
     .3210000D+00    .9925103D+01
     .3220000D+00    .9924210D+01
     .3230000D+00    .9923318D+01
     .3240000D+00    .9922426D+01
     .3250000D+00    .9921533D+01
     .3260000D+00    .9920641D+01
     .3270000D+00    .9919749D+01
     .3280000D+00    .9918857D+01
     .3290000D+00    .9917965D+01
     .3300000D+00    .9917074D+01
     .3310000D+00    .9916182D+01
     .3320000D+00    .9915290D+01
     .3330000D+00    .9914399D+01
     .3340000D+00    .9913508D+01
     .3350000D+00    .9912616D+01
     .3360000D+00    .9911725D+01
     .3370000D+00    .9910834D+01
     .3380000D+00    .9909943D+01
     .3390000D+00    .9909052D+01
     .3400000D+00    .9908161D+01
     .3410000D+00    .9907270D+01
     .3420000D+00    .9906380D+01
     .3430000D+00    .9905489D+01
     .3440000D+00    .9904599D+01
     .3450000D+00    .9903708D+01
     .3460000D+00    .9902818D+01
     .3470000D+00    .9901928D+01
     .3480000D+00    .9901037D+01
     .3490000D+00    .9900147D+01
     .3500000D+00    .9899257D+01
     .3510000D+00    .9898367D+01
     .3520000D+00    .9897478D+01
     .3530000D+00    .9896588D+01
     .3540000D+00    .9895698D+01
     .3550000D+00    .9894809D+01
     .3560000D+00    .9893919D+01
     .3570000D+00    .9893030D+01
     .3580000D+00    .9892141D+01
     .3590000D+00    .9891252D+01
     .3600000D+00    .9890363D+01
     .3610000D+00    .9889474D+01
     .3620000D+00    .9888585D+01
     .3630000D+00    .9887696D+01
     .3640000D+00    .9886807D+01
     .3650000D+00    .9885918D+01
     .3660000D+00    .9885030D+01
     .3670000D+00    .9884141D+01
     .3680000D+00    .9883253D+01
     .3690000D+00    .9882365D+01
     .3700000D+00    .9881477D+01
     .3710000D+00    .9880589D+01
     .3720000D+00    .9879701D+01
     .3730000D+00    .9878813D+01
     .3740000D+00    .9877925D+01
     .3750000D+00    .9877037D+01
     .3760000D+00    .9876149D+01
     .3770000D+00    .9875262D+01
     .3780000D+00    .9874374D+01
     .3790000D+00    .9873487D+01
     .3800000D+00    .9872600D+01
     .3810000D+00    .9871712D+01
     .3820000D+00    .9870825D+01
     .3830000D+00    .9869938D+01
     .3840000D+00    .9869051D+01
     .3850000D+00    .9868164D+01
     .3860000D+00    .9867278D+01
     .3870000D+00    .9866391D+01
     .3880000D+00    .9865504D+01
     .3890000D+00    .9864618D+01
     .3900000D+00    .9863731D+01
     .3910000D+00    .9862845D+01
     .3920000D+00    .9861959D+01
     .3930000D+00    .9861073D+01
     .3940000D+00    .9860187D+01
     .3950000D+00    .9859301D+01
     .3960000D+00    .9858415D+01
     .3970000D+00    .9857529D+01
     .3980000D+00    .9856643D+01
     .3990000D+00    .9855758D+01
     .4000000D+00    .9854872D+01
     .4010000D+00    .9853987D+01
     .4020000D+00    .9853101D+01
     .4030000D+00    .9852216D+01
     .4040000D+00    .9851331D+01
     .4050000D+00    .9850446D+01
     .4060000D+00    .9849561D+01
     .4070000D+00    .9848676D+01
     .4080000D+00    .9847791D+01
     .4090000D+00    .9846906D+01
     .4100000D+00    .9846022D+01
     .4110000D+00    .9845137D+01
     .4120000D+00    .9844253D+01
     .4130000D+00    .9843368D+01
     .4140000D+00    .9842484D+01
     .4150000D+00    .9841600D+01
     .4160000D+00    .9840716D+01
     .4170000D+00    .9839832D+01
     .4180000D+00    .9838948D+01
     .4190000D+00    .9838064D+01
     .4200000D+00    .9837180D+01
     .4210000D+00    .9836296D+01
     .4220000D+00    .9835413D+01
     .4230000D+00    .9834529D+01
     .4240000D+00    .9833646D+01
     .4250000D+00    .9832763D+01
     .4260000D+00    .9831879D+01
     .4270000D+00    .9830996D+01
     .4280000D+00    .9830113D+01
     .4290000D+00    .9829230D+01
     .4300000D+00    .9828347D+01
     .4310000D+00    .9827465D+01
     .4320000D+00    .9826582D+01
     .4330000D+00    .9825699D+01
     .4340000D+00    .9824817D+01
     .4350000D+00    .9823934D+01
     .4360000D+00    .9823052D+01
     .4370000D+00    .9822170D+01
     .4380000D+00    .9821287D+01
     .4390000D+00    .9820405D+01
     .4400000D+00    .9819523D+01
     .4410000D+00    .9818641D+01
     .4420000D+00    .9817760D+01
     .4430000D+00    .9816878D+01
     .4440000D+00    .9815996D+01
     .4450000D+00    .9815115D+01
     .4460000D+00    .9814233D+01
     .4470000D+00    .9813352D+01
     .4480000D+00    .9812471D+01
     .4490000D+00    .9811589D+01
     .4500000D+00    .9810708D+01
     .4510000D+00    .9809827D+01
     .4520000D+00    .9808946D+01
     .4530000D+00    .9808065D+01
     .4540000D+00    .9807185D+01
     .4550000D+00    .9806304D+01
     .4560000D+00    .9805423D+01
     .4570000D+00    .9804543D+01
     .4580000D+00    .9803663D+01
     .4590000D+00    .9802782D+01
     .4600000D+00    .9801902D+01
     .4610000D+00    .9801022D+01
     .4620000D+00    .9800142D+01
     .4630000D+00    .9799262D+01
     .4640000D+00    .9798382D+01
     .4650000D+00    .9797502D+01
     .4660000D+00    .9796622D+01
     .4670000D+00    .9795743D+01
     .4680000D+00    .9794863D+01
     .4690000D+00    .9793984D+01
     .4700000D+00    .9793104D+01
     .4710000D+00    .9792225D+01
     .4720000D+00    .9791346D+01
     .4730000D+00    .9790467D+01
     .4740000D+00    .9789588D+01
     .4750000D+00    .9788709D+01
     .4760000D+00    .9787830D+01
     .4770000D+00    .9786951D+01
     .4780000D+00    .9786073D+01
     .4790000D+00    .9785194D+01
     .4800000D+00    .9784316D+01
     .4810000D+00    .9783437D+01
     .4820000D+00    .9782559D+01
     .4830000D+00    .9781681D+01
     .4840000D+00    .9780803D+01
     .4850000D+00    .9779925D+01
     .4860000D+00    .9779047D+01
     .4870000D+00    .9778169D+01
     .4880000D+00    .9777291D+01
     .4890000D+00    .9776413D+01
     .4900000D+00    .9775536D+01
     .4910000D+00    .9774658D+01
     .4920000D+00    .9773781D+01
     .4930000D+00    .9772904D+01
     .4940000D+00    .9772026D+01
     .4950000D+00    .9771149D+01
     .4960000D+00    .9770272D+01
     .4970000D+00    .9769395D+01
     .4980000D+00    .9768518D+01
     .4990000D+00    .9767641D+01
     .5000000D+00    .9766765D+01
